ID	logP	[3.6] e[3.6] [4.5] e[4.5] [Fe/H] Galaxy M_3.6	M_4.5
SVul 1.8350 4.358 0.003 4.394 0.003 0.09 MW 
GYSge 1.7080 4.311 0.003 4.345 0.004 0.26 MW 
SVVul 1.6530 3.711 0.005 3.788 0.005 0.11 MW 
UCar 1.5890 3.357 0.005 3.415 0.006 0.25 MW 
ellCar 1.5510 0.925 0.004 1.047 0.004 0.24 MW -7.67	-7.54
TMon 1.4320 3.359 0.006 3.425 0.005 0.04 MW 
WZSgr 1.3390 4.364 0.006 4.443 0.005 0.35 MW 
RUSct 1.2940 4.856 0.005 4.873 0.005 0.16 MW 
SZAql 1.2340 4.981 0.005 5.032 0.005 0.24 MW 
YOph 1.2340 2.528 0.002 2.500 0.002 0.12 MW 
CDCyg 1.2320 5.477 0.005 5.530 0.005 0.12 MW 
TTAql 1.1380 3.875 0.005 3.909 0.004 0.19 MW 
V340Nor 1.0530 5.453 0.002 5.480 0.002 0.07 MW 
TWNor 1.0330 6.152 0.003 6.160 0.004 0.27 MW 
zetaGem 1.0070 2.025 0.002 2.037 0.003 -0.11 MW -5.79	-5.78
betaDor 0.9930 1.858 0.003 1.871 0.003 -0.06 MW -5.69	-5.67
SNor 0.9890 4.066 0.003 4.085 0.003 0.10 MW 
SSge 0.9230 3.652 0.003 3.661 0.003 0.14 MW 
DLCas 0.9030 5.783 0.003 5.791 0.003 0.05 MW 
UVul 0.9030 3.797 0.003 3.778 0.003 0.16 MW 
WSgr 0.8810 2.721 0.003 2.719 0.004 0.08 MW -5.57	-5.57
etaAql 0.8560 1.864 0.003 1.865 0.003 0.14 MW 
UAql 0.8470 3.738 0.003 3.736 0.003 0.14 MW 
USgr 0.8290 3.824 0.003 3.822 0.003 0.14 MW 
V367Sct 0.7990 6.437 0.001 6.410 0.002 -0.04 MW 
YSgr 0.7610 3.486 0.003 3.483 0.003 0.11 MW 	-5.06	-5.06
VCen 0.7400 4.405 0.003 4.400 0.003 0.12 MW 
CVMon 0.7310 6.375 0.003 6.360 0.003 0.09 MW 
deltaCep 0.7300 2.221 0.003 2.217 0.003 0.09 MW -4.99	-4.99
CFCas 0.6880 7.809 0.002 7.783 0.002 -0.01 MW 
FFAql 0.6500 3.378 0.001 3.353 0.001 0.10 MW 	-4.45	-4.47
TVul 0.6470 4.114 0.003 4.111 0.003 0.07 MW 	-4.63	-4.63
RTAur 0.5710 3.853 0.003 3.849 0.003 0.10 MW 	-4.31	-4.31
HV877 1.6550 10.701 0.004 10.790 0.004 -0.44 LMC 
HV879 1.5660 10.923 0.007 10.976 0.007 -0.14 LMC 
HV971 0.9680 12.681 0.015 12.680 0.018 -0.29 LMC 
HV997 1.1190 12.356 0.005 12.367 0.005 -0.21 LMC 
HV1013 1.3830 11.392 0.006 11.458 0.005 -0.59 LMC 
HV1023 1.4240 11.386 0.006 11.458 0.006 -0.28 LMC 
HV2260 1.1140 12.633 0.005 12.620 0.005 -0.38 LMC 
HV2294 1.5630 10.663 0.006 10.700 0.006 -0.42 LMC 
HV2337 0.8370 13.247 0.016 13.212 0.015 -0.35 LMC 
HV2352 1.1350 12.282 0.003 12.267 0.003 -0.49 LMC 
HV2369 1.6850 10.297 0.006 10.355 0.006 -0.62 LMC 
HV2405 0.8400 13.309 0.011 13.283 0.012 -0.27 LMC 
HV2580 1.2280 11.879 0.006 11.910 0.005 -0.24 LMC 
HV2733 0.9410 12.887 0.011 12.855 0.010 -0.28 LMC 
HV2793 1.2840 11.734 0.006 11.767 0.005 -0.10 LMC 
HV2827 1.8970 9.744 0.004 9.824 0.003 -0.38 LMC 
HV2836 1.2440 11.988 0.005 12.008 0.005 -0.16 LMC 
HV5497 1.9960 9.435 0.004 9.376 0.003 -0.25 LMC 
HV12452 0.9410 12.837 0.016 12.832 0.015 -0.35 LMC 
HV12700 0.9110 12.975 0.011 12.953 0.012 -0.36 LMC 
HV817 1.2770 12.094 0.007 12.063 0.007 -0.82 SMC 
HV824 1.8190 10.270 0.006 10.267 0.006 -0.73 SMC 
HV829 1.9260 9.871 0.009 9.836 0.009 -0.76 SMC 
HV834 1.8670 10.139 0.006 10.137 0.004 -0.63 SMC 
HV837 1.6310 11.042 0.011 11.047 0.011 -0.83 SMC 
HV847 1.4330 11.782 0.013 11.791 0.013 -0.75 SMC 
HV865 1.5230 11.167 0.014 11.158 0.014 -0.87 SMC 
HV1365 1.0940 13.174 0.008 13.124 0.009 -0.82 SMC 
HV1954 1.2230 12.147 0.005 12.130 0.005 -0.76 SMC 
HV2064 1.5270 11.548 0.012 11.562 0.012 -0.64 SMC 
HV2195 1.6210 10.994 0.008 11.009 0.007 -0.67 SMC 
HV2209 1.3550 11.788 0.005 11.757 0.005 -0.65 SMC 
HV11211 1.3300 11.786 0.013 11.781 0.012 -0.83 SMC 
