ID	logP	U_mag	U_err	B_mag	B_err	V_mag	V_err	R_mag	R_err	I_mag	I_err	J_mag	J_err	H_mag	H_err	K_mag	K_err	3.6_mag	3.6_err	4.5_mag	4.5_err
HV00817	  1.2765	 99.999	 99.999	 99.999	 99.999	 99.999	 99.999	 99.999	 99.999	 99.999	 99.999	 99.999	 99.999	 99.999	 99.999	 99.999	 99.999	 12.0940	  0.0240	 12.0630	  0.0230
HV00824	  1.8191	 13.8520	  0.1220	 13.2650	  0.0450	 12.4260	  0.0230	 11.9240	  0.0240	 11.4210	  0.1000	 10.8820	  0.0370	 10.4790	  0.0350	 10.3770	  0.0300	 10.2700	  0.0290	 10.2670	  0.0300
HV00829	  1.9258	 13.4570	  0.0900	 12.7750	  0.0120	 11.9040	  0.0060	 11.4680	  0.0130	 11.0170	  0.1000	 10.4090	  0.0170	 10.0070	  0.0160	  9.9080	  0.0150	  9.8710	  0.0310	  9.8360	  0.0300
HV00834	  1.8670	 13.7370	  0.0810	 13.0930	  0.0280	 12.2310	  0.0130	 11.8030	  0.0150	 11.2680	  0.1000	 10.7690	  0.0180	 10.3490	  0.0200	 10.2480	  0.0160	 10.1390	  0.0220	 10.1370	  0.0150
HV00836	  0.9733	 99.999	 99.999	 15.3360	  0.1170	 14.8060	  0.1000	 99.999	 99.999	 14.1130	  0.1000	 99.999	 99.999	 99.999	 99.999	 99.999	 99.999	 13.2340	  0.0730	 13.1990	  0.0740
HV00837	  1.6309	 14.8900	  0.1260	 14.1960	  0.0390	 13.2330	  0.1000	 12.7990	  0.0290	 12.2970	  0.1000	 11.7180	  0.0160	 11.2250	  0.0180	 11.1240	  0.0200	 11.0420	  0.0390	 11.0470	  0.0370
HV00840	  1.5189	 99.999	 99.999	 14.5750	  0.0610	 13.5470	  0.1000	 13.1290	  0.0450	 12.6540	  0.1000	 12.0500	  0.0470	 11.6500	  0.0540	 11.5390	  0.0510	 11.3920	  0.0480	 11.3910	  0.0480
HV00843	  1.1677	 99.999	 99.999	 16.0190	  0.1120	 14.9660	  0.1000	 14.2400	  0.0000	 14.0080	  0.1000	 13.4500	  0.1000	 12.9800	  0.1000	 12.8400	  0.1000	 12.7380	  0.0400	 12.7450	  0.0370
HV00847	  1.4326	 15.8300	  0.0220	 14.6940	  0.0680	 13.9290	  0.1000	 13.4140	  0.0500	 13.0230	  0.1000	 12.4000	  0.0320	 11.9670	  0.0330	 11.8820	  0.0320	 11.7820	  0.0440	 11.7910	  0.0450
HV00854	  1.2031	 99.999	 99.999	 14.9840	  0.1190	 14.2430	  0.1000	 99.999	 99.999	 13.5170	  0.1000	 12.8500	  0.1000	 12.6100	  0.1000	 12.6000	  0.1000	 12.5180	  0.0390	 12.4930	  0.0380
HV00855	  1.5179	 99.999	 99.999	 15.2290	  0.0000	 13.7550	  0.1000	 13.6450	  0.0000	 12.9090	  0.1000	 12.1990	  0.0030	 11.7640	  0.0060	 11.6640	  0.0060	 11.5600	  0.0400	 11.5760	  0.0400
HV00856	  1.0848	 99.999	 99.999	 15.6380	  0.1050	 15.0030	  0.1000	 99.999	 99.999	 14.1500	  0.1000	 13.4900	  0.1000	 13.2000	  0.1000	 13.1200	  0.1000	 13.0620	  0.0370	 13.0520	  0.0350
HV00857	  1.0786	 99.999	 99.999	 15.0740	  0.1370	 14.5030	  0.1000	 99.999	 99.999	 13.7790	  0.1000	 13.5300	  0.1000	 13.1200	  0.1000	 13.0200	  0.1000	 12.8470	  0.0920	 12.8290	  0.1020
HV00863	  1.4617	 99.999	 99.999	 14.1570	  0.1470	 13.4350	  0.1020	 12.9160	  0.0850	 12.5060	  0.0690	 11.9070	  0.0330	 11.5200	  0.0290	 11.4360	  0.0330	 11.3810	  0.0460	 11.3780	  0.0480
HV00865	  1.5228	 99.999	 99.999	 13.9120	  0.1230	 13.1660	  0.0840	 12.7400	  0.0810	 12.3200	  0.0640	 11.7860	  0.0520	 11.3960	  0.0550	 11.2880	  0.0520	 11.1670	  0.0480	 11.1580	  0.0480
HV01326	  1.1375	 99.999	 99.999	 15.6750	  0.0680	 14.8730	  0.1000	 14.5080	  0.0520	 14.0440	  0.1000	 13.5900	  0.1000	 13.2500	  0.1000	 13.1200	  0.1000	 12.9260	  0.0330	 12.9150	  0.0250
HV01328	  1.1997	 99.999	 99.999	 14.7170	  0.0360	 14.1160	  0.1000	 13.7800	  0.0260	 13.4310	  0.1000	 12.9810	  0.0170	 12.5610	  0.0210	 12.5800	  0.0130	 12.5030	  0.0170	 12.4780	  0.0190
HV01333	  1.2120	 99.999	 99.999	 15.4940	  0.0540	 14.7020	  0.1000	 14.2810	  0.0300	 13.8200	  0.1000	 13.2830	  0.0300	 12.9300	  0.1000	 12.8100	  0.0250	 12.7110	  0.0320	 12.6890	  0.0330
HV01334	  0.9755	 99.999	 99.999	 15.4890	  0.1340	 14.8420	  0.1000	 99.999	 99.999	 14.1340	  0.1000	 99.999	 99.999	 99.999	 99.999	 99.999	 99.999	 13.2210	  0.0780	 13.2140	  0.0850
HV01335	  1.1578	 99.999	 99.999	 15.4770	  0.0400	 14.7660	  0.1000	 14.3780	  0.0230	 13.9590	  0.1000	 13.4070	  0.0230	 13.1700	  0.1000	 12.9840	  0.0230	 12.8980	  0.0290	 12.8670	  0.0280
HV01338	  0.9292	 99.999	 99.999	 15.6960	  0.0440	 15.1570	  0.1000	 14.8720	  0.0310	 14.4750	  0.1000	 14.1830	  0.0610	 13.9060	  0.0350	 13.8130	  0.0040	 13.5840	  0.0860	 13.5350	  0.0750
HV01342	  1.2539	 15.2010	  0.0810	 14.8390	  0.0270	 14.1690	  0.1000	 13.8660	  0.0250	 13.4450	  0.1000	 12.9690	  0.0190	 12.6570	  0.0110	 12.5970	  0.0070	 12.5110	  0.0120	 12.4760	  0.0120
HV01345	  1.1296	 99.999	 99.999	 15.5020	  0.0500	 14.7610	  0.1000	 14.3690	  0.0270	 13.9490	  0.1000	 13.3420	  0.0190	 12.8700	  0.1000	 12.8410	  0.0180	 12.8410	  0.0300	 12.8180	  0.0300
HV01351	  1.1170	 99.999	 99.999	 99.999	 99.999	 14.7300	  0.1000	 99.999	 99.999	 13.9590	  0.1000	 13.4400	  0.1000	 13.0500	  0.1000	 12.9600	  0.1000	 12.9590	  0.0180	 12.9380	  0.0210
HV01363	  1.0286	 99.999	 99.999	 99.999	 99.999	 15.1710	  0.1000	 99.999	 99.999	 14.3210	  0.1000	 13.7160	  0.0000	 13.3720	  0.0000	 13.3110	  0.0000	 13.2370	  0.0610	 13.2380	  0.0770
HV01365	  1.0939	 99.999	 99.999	 15.7800	  0.0300	 15.0690	  0.1000	 14.7190	  0.0190	 14.2190	  0.1000	 13.6310	  0.0370	 13.2890	  0.0310	 13.2120	  0.0410	 13.1740	  0.0280	 13.1240	  0.0300
HV01372	  1.1979	 99.999	 99.999	 99.999	 99.999	 15.1930	  0.1000	 99.999	 99.999	 14.1730	  0.1000	 13.6500	  0.1000	 13.1900	  0.1000	 13.1400	  0.1000	 12.8520	  0.0420	 12.8180	  0.0330
HV01373	  1.1370	 99.999	 99.999	 99.999	 99.999	 14.9910	  0.1000	 99.999	 99.999	 14.0160	  0.1000	 13.2900	  0.1000	 12.9100	  0.1000	 12.8900	  0.1000	 12.8580	  0.0350	 12.8530	  0.0310
HV01382	  1.0367	 99.999	 99.999	 99.999	 99.999	 15.2110	  0.1000	 99.999	 99.999	 14.3620	  0.1000	 13.6720	  0.0010	 13.2480	  0.0020	 13.2350	  0.0010	 13.2130	  0.0930	 13.1730	  0.0870
HV01400	  0.8227	 99.999	 99.999	 16.1010	  0.0620	 15.4670	  0.1000	 99.999	 99.999	 14.7050	  0.1000	 14.0800	  0.1000	 13.8300	  0.1000	 13.6700	  0.1000	 13.6900	  0.0630	 13.6740	  0.0760
HV01430	  1.3797	 99.999	 99.999	 15.2280	  0.1430	 14.2820	  0.1000	 13.6090	  0.0760	 13.3840	  0.1000	 12.8700	  0.1000	 12.3900	  0.1000	 12.2600	  0.1000	 12.0850	  0.0460	 12.0900	  0.0450
HV01438	  1.1351	 99.999	 99.999	 16.1570	  0.0910	 14.8260	  0.1000	 99.999	 99.999	 13.9340	  0.1000	 13.4600	  0.1000	 13.0600	  0.1000	 12.9300	  0.1000	 12.7620	  0.0190	 12.7190	  0.0170
HV01442	  1.1844	 99.999	 99.999	 15.6600	  0.0960	 14.7640	  0.1000	 99.999	 99.999	 13.8680	  0.1000	 13.3400	  0.1000	 12.9000	  0.1000	 12.7900	  0.1000	 12.6540	  0.0240	 12.6040	  0.0260
HV01451	  1.4782	 99.999	 99.999	 15.1300	  0.0830	 13.9900	  0.1000	 13.5610	  0.1000	 12.9500	  0.1000	 12.2380	  0.0020	 11.7580	  0.0010	 11.6780	  0.0010	 11.6310	  0.0400	 11.6590	  0.0390
HV01478	  1.2438	 99.999	 99.999	 99.999	 99.999	 15.1460	  0.1000	 99.999	 99.999	 14.0970	  0.1000	 13.6000	  0.1000	 13.1200	  0.1000	 13.0300	  0.1000	 12.6840	  0.0380	 12.6750	  0.0350
HV01482	  1.1993	 99.999	 99.999	 15.6790	  0.1010	 14.7690	  0.1000	 99.999	 99.999	 13.8620	  0.1000	 13.0300	  0.1000	 12.7100	  0.1000	 12.5700	  0.1000	 12.6010	  0.0300	 12.5570	  0.0270
HV01501	  1.4379	 99.999	 99.999	 14.8750	  0.0710	 14.1820	  0.1000	 99.999	 99.999	 13.1260	  0.1000	 99.999	 99.999	 99.999	 99.999	 99.999	 99.999	 11.8690	  0.0480	 11.8610	  0.0440
HV01522	  1.3454	 99.999	 99.999	 15.3440	  0.1110	 14.3870	  0.1000	 99.999	 99.999	 13.4800	  0.1000	 12.9100	  0.1000	 12.4500	  0.1000	 12.3200	  0.1000	 12.1380	  0.0420	 12.1440	  0.0420
HV01533	  1.2158	 99.999	 99.999	 99.999	 99.999	 14.9930	  0.1000	 99.999	 99.999	 14.0000	  0.1000	 13.5900	  0.1000	 13.1900	  0.1000	 13.0600	  0.1000	 12.6890	  0.0350	 12.6850	  0.0330
HV01543	  1.3108	 99.999	 99.999	 15.7370	  0.1330	 14.5980	  0.1000	 99.999	 99.999	 13.6350	  0.1000	 13.0640	  0.0020	 12.6360	  0.0020	 12.5240	  0.0020	 12.3460	  0.0420	 12.3370	  0.0410
HV01553	  1.0987	 99.999	 99.999	 99.999	 99.999	 15.2400	  0.1000	 99.999	 99.999	 14.2870	  0.1000	 13.6200	  0.1000	 13.1600	  0.1000	 13.0600	  0.1000	 12.9940	  0.0280	 12.9500	  0.0180
HV01560	  1.1906	 99.999	 99.999	 15.7960	  0.1070	 14.7050	  0.1000	 99.999	 99.999	 13.7830	  0.1000	 99.999	 99.999	 99.999	 99.999	 99.999	 99.999	 12.5940	  0.0350	 12.5890	  0.0320
HV01610	  1.0661	 99.999	 99.999	 15.2850	  0.0830	 14.6590	  0.1000	 14.2880	  0.1060	 13.9170	  0.1000	 13.4600	  0.0010	 13.1930	  0.0000	 13.0780	  0.0000	 12.9690	  0.0730	 12.9520	  0.0880
HV01630	  1.0569	 99.999	 99.999	 99.999	 99.999	 14.7970	  0.1000	 99.999	 99.999	 14.0160	  0.1000	 13.4900	  0.1000	 13.1800	  0.1000	 13.1200	  0.1000	 12.9930	  0.0910	 12.9500	  0.0760
HV01682	  1.0845	 99.999	 99.999	 99.999	 99.999	 14.6220	  0.1000	 99.999	 99.999	 13.9040	  0.1000	 13.6700	  0.1000	 13.3500	  0.1000	 13.2500	  0.1000	 12.9510	  0.0230	 12.9440	  0.0240
HV01689	  0.8353	 99.999	 99.999	 99.999	 99.999	 14.9580	  0.1000	 99.999	 99.999	 14.2640	  0.1000	 99.999	 99.999	 99.999	 99.999	 99.999	 99.999	 13.3590	  0.0510	 13.2950	  0.0480
HV01695	  1.1641	 99.999	 99.999	 15.4860	  0.0650	 14.6640	  0.1000	 13.9950	  0.0640	 13.7860	  0.1000	 13.0600	  0.1000	 12.7200	  0.1000	 12.6200	  0.1000	 12.5880	  0.0300	 12.5600	  0.0260
HV01705	  1.0317	 99.999	 99.999	 99.999	 99.999	 15.2380	  0.1000	 99.999	 99.999	 14.2730	  0.1000	 13.6600	  0.0000	 13.2970	  0.0010	 13.2220	  0.0000	 13.1430	  0.0690	 13.1100	  0.0710
HV01744	  1.1012	 99.999	 99.999	 15.2360	  0.0940	 14.4920	  0.1000	 14.1800	  0.0550	 13.7640	  0.1000	 13.5300	  0.1000	 13.1700	  0.1000	 13.0600	  0.1000	 12.7910	  0.0250	 12.7650	  0.0230
HV01783	  0.9111	 99.999	 99.999	 16.0640	  0.0620	 15.2110	  0.1000	 99.999	 99.999	 14.4830	  0.1000	 99.999	 99.999	 99.999	 99.999	 99.999	 99.999	 13.5040	  0.0780	 13.5210	  0.1030
HV01787	  1.2093	 99.999	 99.999	 15.1100	  0.1200	 14.3160	  0.1000	 13.8620	  0.0830	 13.5100	  0.1000	 12.7700	  0.1000	 12.3700	  0.1000	 12.2300	  0.1000	 12.3930	  0.0360	 12.3860	  0.0330
HV01835	  1.2107	 99.999	 99.999	 99.999	 99.999	 14.6400	  0.1000	 99.999	 99.999	 13.7060	  0.1000	 13.1600	  0.1000	 12.9200	  0.1000	 12.8600	  0.1000	 12.5100	  0.0350	 12.5040	  0.0360
HV01855	  0.8350	 99.999	 99.999	 16.2510	  0.0640	 15.4570	  0.1000	 99.999	 99.999	 14.7050	  0.1000	 99.999	 99.999	 99.999	 99.999	 99.999	 99.999	 13.7090	  0.0780	 13.6890	  0.0900
HV01873	  1.1119	 99.999	 99.999	 15.7130	  0.0980	 14.8340	  0.1000	 14.4120	  0.0020	 14.0390	  0.1000	 13.2600	  0.1000	 12.8700	  0.1000	 12.8000	  0.1000	 12.8890	  0.0340	 12.8610	  0.0360
HV01877	  1.6966	 14.8920	  0.1040	 14.1500	  0.0610	 13.2150	  0.1000	 12.6500	  0.0490	 12.1660	  0.1000	 11.4000	  0.1000	 11.0100	  0.1000	 10.9100	  0.1000	 10.8310	  0.0340	 10.8520	  0.0330
HV01884	  1.2579	 99.999	 99.999	 15.3520	  0.0590	 14.4580	  0.1000	 14.0030	  0.0550	 13.5690	  0.1000	 13.0400	  0.1000	 12.6500	  0.1000	 12.5500	  0.1000	 12.3020	  0.0350	 12.3060	  0.0320
HV01925	  1.2355	 14.9500	  0.0890	 14.6390	  0.0800	 14.0040	  0.1000	 99.999	 99.999	 13.4120	  0.1000	 12.5890	  0.0010	 12.3590	  0.0000	 12.2640	  0.0000	 12.2800	  0.0180	 12.2420	  0.0150
HV01950	  0.9025	 99.999	 99.999	 16.1000	  0.0560	 15.1670	  0.1000	 99.999	 99.999	 14.4630	  0.1000	 99.999	 99.999	 99.999	 99.999	 99.999	 99.999	 13.3220	  0.0660	 13.3070	  0.1100
HV01954	  1.2225	 14.9970	  0.0940	 14.5420	  0.0610	 13.9470	  0.1000	 13.5090	  0.0570	 13.1790	  0.1000	 12.6220	  0.0160	 12.2330	  0.0110	 12.1630	  0.0120	 12.1470	  0.0160	 12.1300	  0.0180
HV01956	  2.3197	 14.9630	  0.1170	 13.5770	  0.0570	 12.2380	  0.0330	 11.6860	  0.0360	 10.9790	  0.1000	 10.3050	  0.0270	  9.8230	  0.0270	  9.6650	  0.0250	  9.4540	  0.0590	  9.3170	  0.0400
HV01967	  1.4636	 99.999	 99.999	 99.999	 99.999	 13.6020	  0.1000	 99.999	 99.999	 12.6470	  0.1000	 12.1400	  0.1000	 11.8700	  0.1000	 11.7900	  0.1000	 11.6260	  0.0400	 11.6190	  0.0430
HV01996	  1.1535	 99.999	 99.999	 99.999	 99.999	 15.0150	  0.1000	 99.999	 99.999	 14.1050	  0.1000	 13.6500	  0.1000	 13.3100	  0.1000	 13.2300	  0.1000	 12.9150	  0.0340	 12.9190	  0.0350
HV02017	  1.0573	 99.999	 99.999	 15.4260	  0.0430	 14.6820	  0.1000	 14.2830	  0.1020	 13.8920	  0.1000	 13.2960	  0.0010	 12.9150	  0.0000	 12.8600	  0.0000	 12.9050	  0.1030	 12.8840	  0.0850
HV02052	  1.0996	 99.999	 99.999	 14.8660	  0.1400	 14.2370	  0.1000	 99.999	 99.999	 13.5610	  0.1000	 13.2300	  0.1000	 12.8800	  0.1000	 12.8500	  0.1000	 12.6620	  0.0290	 12.6460	  0.0230
HV02060	  1.0079	 99.999	 99.999	 99.999	 99.999	 14.3750	  0.1000	 99.999	 99.999	 13.7050	  0.1000	 13.1830	  0.0640	 12.9180	  0.0680	 12.8370	  0.0600	 12.8280	  0.0510	 12.7930	  0.0590
HV02063	  1.0479	 99.999	 99.999	 15.5460	  0.0710	 14.7840	  0.1000	 99.999	 99.999	 13.9740	  0.1000	 13.4530	  0.0030	 13.1340	  0.0020	 13.1100	  0.0020	 12.9260	  0.0820	 12.9260	  0.0800
HV02064	  1.5273	 15.4340	  0.1890	 14.7330	  0.0850	 13.7510	  0.1000	 13.3240	  0.0900	 12.7840	  0.1000	 12.2050	  0.0290	 11.7640	  0.0300	 11.6680	  0.0300	 11.5480	  0.0420	 11.5620	  0.0420
HV02088	  1.1638	 99.999	 99.999	 15.5190	  0.0590	 14.7110	  0.1000	 14.1970	  0.0750	 13.8150	  0.1000	 13.2300	  0.1000	 12.9800	  0.1000	 12.9300	  0.1000	 12.7620	  0.0420	 12.7650	  0.0450
HV02103	  0.9535	 99.999	 99.999	 15.8190	  0.1100	 15.1580	  0.1000	 99.999	 99.999	 14.3600	  0.1000	 99.999	 99.999	 99.999	 99.999	 99.999	 99.999	 13.3190	  0.0710	 13.2900	  0.0860
HV02189	  1.1294	 99.999	 99.999	 15.2260	  0.1110	 14.5940	  0.1000	 99.999	 99.999	 13.7920	  0.1000	 13.1800	  0.1000	 12.7700	  0.1000	 12.6700	  0.1000	 12.7220	  0.0320	 12.7070	  0.0320
HV02195	  1.6214	 14.4810	  0.1330	 13.8490	  0.0540	 12.9690	  0.1000	 12.6250	  0.0230	 12.1440	  0.1000	 11.5780	  0.0230	 11.1950	  0.0210	 11.1010	  0.0210	 10.9940	  0.0270	 11.0090	  0.0230
HV02201	  1.0512	 99.999	 99.999	 99.999	 99.999	 14.3540	  0.1000	 99.999	 99.999	 13.6760	  0.1000	 13.1400	  0.0030	 12.8560	  0.0040	 12.8290	  0.0040	 12.7470	  0.0680	 12.7600	  0.0970
HV02202	  1.1203	 99.999	 99.999	 15.1400	  0.0760	 14.4550	  0.1000	 14.0440	  0.0580	 13.6360	  0.1000	 12.9400	  0.1000	 12.6700	  0.1000	 12.6400	  0.1000	 12.5950	  0.0290	 12.5770	  0.0300
HV02205	  1.4053	 99.999	 99.999	 14.9370	  0.0730	 14.0790	  0.1000	 13.4770	  0.0720	 13.0560	  0.1000	 12.4350	  0.0060	 11.9290	  0.0040	 11.8640	  0.0050	 11.8760	  0.0480	 11.8820	  0.0490
HV02209	  1.3551	 14.7030	  0.0680	 14.2340	  0.0420	 13.5090	  0.1000	 13.2000	  0.0290	 12.7300	  0.1000	 12.2590	  0.0220	 11.9400	  0.0160	 11.8820	  0.0130	 11.7880	  0.0180	 11.7570	  0.0170
HV02225	  1.1191	 99.999	 99.999	 15.6780	  0.0460	 14.8120	  0.0300	 14.3720	  0.0140	 13.8890	  0.0210	 13.2600	  0.1000	 12.9200	  0.1000	 12.8600	  0.1000	 12.7100	  0.0300	 12.7160	  0.0340
HV02227	  1.0957	 99.999	 99.999	 15.6070	  0.0700	 14.7850	  0.1000	 14.3370	  0.0410	 13.9050	  0.1000	 13.2200	  0.1000	 12.8500	  0.1000	 12.7900	  0.1000	 12.7900	  0.0310	 12.7810	  0.0340
HV02229	  1.0191	 99.999	 99.999	 99.999	 99.999	 14.4800	  0.1000	 99.999	 99.999	 13.8540	  0.1000	 13.2400	  0.1000	 12.9500	  0.1000	 12.6500	  0.1000	 12.8620	  0.0900	 12.8430	  0.0840
HV02230	  1.0979	 99.999	 99.999	 15.5060	  0.1000	 14.6910	  0.0660	 14.2070	  0.0750	 13.8110	  0.0390	 13.0750	  0.0000	 12.7190	  0.0010	 12.6100	  0.1000	 12.6700	  0.0250	 12.6790	  0.0260
HV02231	  1.5646	 99.999	 99.999	 14.5250	  0.1240	 13.5720	  0.0760	 13.0990	  0.0790	 12.5940	  0.0610	 11.7820	  0.0000	 11.3370	  0.0000	 11.2380	  0.0000	 11.2340	  0.0290	 11.2590	  0.0280
HV10355	  1.0017	 99.999	 99.999	 99.999	 99.999	 15.3180	  0.1000	 99.999	 99.999	 14.4920	  0.1000	 13.7460	  0.0000	 13.3800	  0.0010	 13.2950	  0.0000	 13.3370	  0.0670	 13.3220	  0.0570
HV10366	  1.1504	 99.999	 99.999	 14.7520	  0.1080	 14.2050	  0.1000	 13.9120	  0.0050	 13.4770	  0.1000	 12.9700	  0.1000	 12.6500	  0.1000	 12.6100	  0.1000	 12.5910	  0.0180	 12.5580	  0.0170
HV11112	  0.8255	 99.999	 99.999	 99.999	 99.999	 15.6700	  0.1000	 99.999	 99.999	 14.9290	  0.1000	 14.4600	  0.1000	 14.1300	  0.1000	 14.0500	  0.1000	 13.8750	  0.0470	 13.8170	  0.0680
HV11116	  1.0206	 99.999	 99.999	 99.999	 99.999	 15.4250	  0.1000	 99.999	 99.999	 14.5700	  0.1000	 13.9700	  0.1000	 13.7000	  0.1000	 13.3500	  0.1000	 13.3240	  0.0780	 13.2730	  0.0610
HV11129	  1.3888	 99.999	 99.999	 99.999	 99.999	 14.6840	  0.1000	 99.999	 99.999	 13.6050	  0.1000	 12.9860	  0.0010	 12.4570	  0.0020	 12.3290	  0.0010	 12.1520	  0.0450	 12.1540	  0.0430
HV11157	  1.8388	 14.8910	  0.0720	 14.0270	  0.0250	 12.9160	  0.1000	 12.5000	  0.0160	 11.8530	  0.1000	 11.1250	  0.0320	 10.5870	  0.0460	 10.5240	  0.0310	 10.5010	  0.0190	 10.5290	  0.0160
HV11182	  1.5932	 15.5490	  0.0880	 14.7210	  0.0360	 13.6940	  0.0220	 13.2060	  0.0240	 12.6630	  0.1000	 11.9570	  0.0210	 11.5110	  0.0150	 11.4200	  0.0190	 11.3430	  0.0330	 11.3760	  0.0290
HV11211	  1.3302	 99.999	 99.999	 14.6900	  0.0830	 13.8880	  0.0560	 13.3810	  0.0570	 12.9960	  0.0550	 12.3750	  0.0330	 11.9560	  0.0350	 11.8600	  0.0360	 11.7860	  0.0460	 11.7810	  0.0410
HV12108	  1.1935	 99.999	 99.999	 99.999	 99.999	 14.3720	  0.1000	 99.999	 99.999	 13.5800	  0.1000	 99.999	 99.999	 99.999	 99.999	 99.999	 99.999	 12.4950	  0.0240	 12.4580	  0.0260
HV12951	  1.4773	 99.999	 99.999	 99.999	 99.999	 13.9950	  0.1000	 99.999	 99.999	 13.0910	  0.1000	 12.3090	  0.0010	 11.8600	  0.0000	 11.7750	  0.0000	 11.7350	  0.0340	 11.7530	  0.0280
