ID Period U eU B eB V eV J eJ H eH K eK
Beta_Dor 9.8424 5.156 0.050 4.585 0.020 3.758 0.009 2.444 0.013 2.033 0.011 1.963 0.011
CD_Cyg 17.0740 11.640 0.080 10.422 0.033 9.023 0.021 6.384 0.022 5.868 0.020 5.708 0.020
CF_Cas 4.8751 13.199 0.050 12.386 0.010 11.149 0.006 8.607 0.012 8.132 0.010 7.952 0.010
CV_Mon 5.3787 12.685 0.120 11.682 0.026 10.314 0.017 7.365 0.011 6.786 0.009 6.575 0.009
DL_Cas 8.0007 11.023 0.024 10.202 0.011 8.983 0.007 6.559 0.016 6.092 0.012 5.929 0.013
FF_Aql 4.4709 6.656 0.016 6.158 0.009 5.383 0.006 3.885 0.006 3.566 0.005 3.474 0.004
GY_Sge 51.0505 14.503 0.042 12.460 0.002 10.167 0.002 5.608 0.006 4.854 0.007 4.569 0.007
RT_Aur 3.7283 6.593 0.038 6.132 0.024 5.498 0.016 4.308 0.012 3.983 0.010 3.940 0.007
RU_Sct 19.7006 12.831 0.090 11.282 0.034 9.519 0.022 5.980 0.019 5.309 0.015 5.075 0.014
SV_Vul 44.9780 10.119 0.031 8.784 0.015 7.253 0.010 4.605 0.012 4.078 0.011 3.923 0.011
SZ_Aql 17.1379 11.550 0.079 10.183 0.028 8.661 0.018 5.900 0.014 5.348 0.012 5.168 0.011
S_Nor 9.7542 8.086 0.071 7.421 0.018 6.446 0.009 4.722 0.014 4.281 0.011 4.168 0.011
S_Sge 8.3821 7.031 0.025 6.488 0.015 5.641 0.010 4.183 0.012 3.834 0.010 3.751 0.009
S_Vul 68.3912 12.596 0.019 10.898 0.010 8.982 0.006 5.461 0.011 4.820 0.011 4.598 0.011
TT_Aql 13.7546 9.666 0.043 8.554 0.020 7.206 0.012 4.677 0.015 4.187 0.013 4.041 0.013
TW_Nor 10.7862 15.516 0.095 13.760 0.035 11.709 0.021 7.493 0.036 6.707 0.022 6.402 0.020
T_Mon 27.0205 8.471 0.050 7.430 0.021 6.181 0.012 4.176 0.015 3.664 0.018 3.545 0.014
T_Vul 4.4355 6.824 0.017 6.443 0.013 5.774 0.008 4.565 0.010 4.257 0.009 4.193 0.007
U_Aql 7.0239 8.252 0.026 7.541 0.015 6.462 0.010 4.420 0.012 3.990 0.012 3.872 0.009
U_Car 38.8150 8.724 0.111 7.619 0.033 6.339 0.016 4.199 0.026 3.678 0.024 3.531 0.024
U_Sgr 6.7449 8.664 0.021 7.854 0.012 6.719 0.007 4.553 0.009 4.088 0.009 3.969 0.007
U_Vul 7.9907 9.459 0.030 8.491 0.018 7.148 0.012 4.531 0.013 4.077 0.010 3.934 0.010
V340_Nor 11.2870 99.990 9.999 99.990 9.999 8.407 0.018 6.271 0.014 5.732 0.012 5.586 0.011
V367_Sct 6.2931 14.920 0.059 13.447 0.006 11.610 0.004 7.676 0.012 6.957 0.006 6.683 0.006
V_Cen 5.4939 8.373 0.070 7.769 0.022 6.857 0.012 5.069 0.016 4.632 0.012 4.515 0.012
WZ_Sgr 21.8497 10.941 0.086 9.579 0.034 8.092 0.019 5.370 0.019 4.769 0.017 4.578 0.016
W_Sgr 7.5950 6.033 0.079 5.481 0.023 4.697 0.013 3.264 0.043 2.924 0.042 2.839 0.038
Y_Oph 17.1241 8.659 0.016 7.574 0.009 6.162 0.006 3.397 0.009 2.865 0.007 2.689 0.006
Y_Sgr 5.7733 7.291 0.080 6.656 0.022 5.765 0.012 4.093 0.013 3.692 0.014 3.613 0.011
delta_Cep 5.3663 5.205 0.053 4.683 0.027 3.986 0.018 2.727 0.015 2.381 0.014 2.324 0.009
eta_Aql 7.1766 5.347 0.048 4.746 0.022 3.916 0.013 2.420 0.011 2.054 0.011 1.975 0.008
l_Car 35.5460 6.261 0.096 5.049 0.025 3.747 0.012 1.773 0.020 1.218 0.019 1.098 0.019
zeta_Gem 10.1507 5.346 0.039 4.741 0.019 3.903 0.009 2.587 0.010 99.990 0.019 2.115 0.008
